225 231
257 263
228 236
334 366
7 8
10 13
258 264
298 300
290 296
342 343
40 41
291 297
331 333
283 293
1 49
375 376
301 310
73 74
105 106
353 357
111 186
95 98
234 256
6 20
87 94
106 107
286 303
98 103
278 299
346 354
68 80
119 162
99 104
112 123
139 140
298 313
271 296
338 349
41 99
161 164
53 73
72 86
153 160
172 173
201 236
93 145
121 127
154 161
194 197
205 206
264 292
215 256
234 269
46 69
119 139
386 403
198 203
238 239
209 212
41 76
168 180
259 298
66 169
260 263
239 240
231 236
304 306
90 117
109 130
1 39
2 4
260 299
293 296
272 273
164 182
111 176
282 323
234 246
286 293
326 329
305 306
155 218
116 147
49 57
326 365
112 113
338 339
311 322
290 299
38 47
90 94
53 63
93 99
292 308
145 146
352 359
344 355
42 53
102 104
282 300
94 100
126 132
105 109
178 179
111 189
345 356
377 388
385 392
63 112
35 50
156 160
27 46
207 242
127 133
234 259
119 129
179 180
317 379
196 232
149 157
41 66
168 170
348 366
200 239
120 130
90 107
122 139
262 299
201 203
273 308
153 163
193 199
333 359
271 384
111 166
282 313
8 10
234 236
86 109
226 232
197 205
278 279
37 73
263 299
156 173
256 260
41 43
248 256
267 269
259 265
9 10
187 282
227 318
260 266
292 298
332 371
304 309
344 345
211 230
230 243
49 168
42 43
203 226
222 239
282 290
293 299
345 346
377 378
37 50
50 132
75 76
108 110
334 336
347 355
366 405
326 332
26 40
84 161
378 379
89 96
328 378
60 69
194 298
146 221
210 242
90 97
93 102
174 176
373 385
344 358
12 34
211 243
123 130
195 235
175 177
207 209
178 182
358 378
196 199
148 159
208 210
388 406
200 206
339 364
258 296
317 382
70 96
170 183
229 269
262 266
241 243
146 234
233 239
251 256
230 233
15 16
373 398
306 308
131 227
4 6
225 240
263 266
236 249
8 13
339 341
70 73
49 50
62 69
81 82
329 333
280 291
340 342
147 176
38 40
103 106
116 225
49 135
162 192
281 292
362 366
333 339
271 364
92 96
43 91
71 73
49 171
203 229
358 368
125 129
166 167
50 135
96 102
169 172
148 149
347 358
194 265
26 43
198 235
199 200
70 86
170 173
181 182
133 142
146 224
327 385
112 168
111 123
43 68
151 159
331 355
203 206
1 71
92 109
173 183
225 230
236 239
228 235
125 142
197 247
257 298
10 12
258 263
328 358
280 281
47 79
11 13
218 226
271 318
291 296
283 292
49 125
294 301
40 76
180 199
271 354
232 246
36 42
303 306
287 298
306 311
113 145
284 292
365 366
357 362
234 291
339 344
99 103
10 25
398 399
261 281
401 404
380 381
327 375
40 53
124 132
103 109
143 145
229 334
402 405
121 126
72 121
73 86
154 160
92 99
264 291
176 178
125 132
265 292
197 237
117 128
177 179
169 175
209 211
128 143
146 191
147 156
120 139
187 229
199 203
231 235
210 212
1 38
160 211
260 298
112 171
32 62
232 236
124 145
224 232
301 335
194 209
205 218
17 18
257 265
263 308
116 146
7 10
10 15
258 266
290 298
309 311
248 301
40 43
291 299
331 335
283 295
50 56
375 378
102 103
133 207
94 99
73 76
105 108
272 285
344 390
345 355
63 111
54 62
234 258
127 132
106 109
98 105
138 141
346 356
50 177
55 143
208 242
128 133
168 169
267 291
120 129
171 174
150 151
398 402
93 111
172 175
114 170
194 199
345 368
197 204
249 251
263 298
215 258
108 132
127 145
198 205
37 108
50 190
256 295
1 5
141 165
168 182
220 229
260 265
231 238
304 308
189 241
13 15
301 302
373 407
293 298
316 318
334 335
286 295
326 331
305 308
84 160
50 167
200 228
326 367
279 292
338 341
311 324
371 375
403 407
9 22
90 96
101 105
160 191
93 101
352 361
344 357
211 242
396 404
123 129
102 106
94 102
175 176
178 181
345 358
385 394
116 126
127 135
208 209
200 205
65 160
138 144
179 182
190 191
370 387
317 381
156 198
196 234
89 108
277 308
149 159
168 172
280 313
160 168
241 242
187 271
152 164
233 238
332 360
90 109
162 214
230 232
201 205
187 307
333 361
263 265
8 12
234 238
275 276
374 398
226 234
307 308
5 6
256 262
148 171
159 180
200 218
340 341
38 39
218 235
9 12
162 191
261 313
281 291
227 320
341 342
292 300
304 311
344 347
71 72
63 68
49 170
282 292
314 324
86 88
293 301
377 380
4 18
8 25
347 357
119 121
370 377
89 98
328 380
141 145
340 354
152 154
400 405
18 74
351 363
392 401
11 35
122 131
262 291
93 104
174 178
292 313
373 387
271 376
92 108
36 64
123 132
55 77
115 128
155 164
207 211
266 297
124 213
84 140
196 201
237 239
208 212
347 370
194 277
234 313
339 366
388 408
10 47
11 12
258 298
254 264
273 277
271 353
12 13
143 167
230 235
203 218
243 254
15 18
195 214
262 304
303 305
4 8
45 46
264 313
284 291
50 124
8 15
307 311
318 320
78 79
194 290
280 293
340 344
147 178
11 25
271 330
111 112
103 108
221 243
294 313
354 364
73 85
92 98
104 109
144 145
343 354
264 326
117 127
257 287
96 104
69 87
177 178
169 174
148 151
347 360
388 398
87 141
147 155
18 41
99 115
198 237
150 160
50 222
209 246
210 211
112 170
151 161
43 70
211 212
103 121
232 235
331 357
195 204
214 217
192 198
225 232
343 367
276 277
228 237
7 9
206 218
10 14
258 265
229 238
116 181
280 283
334 403
147 168
40 42
11 15
191 211
218 228
3 11
57 131
271 320
283 294
291 298
262 271
0 5
140 165
180 201
73 75
171 232
65 71
264 280
229 359
55 57
42 87
287 300
95 99
6 21
106 108
205 230
346 355
197 226
284 294
69 77
317 328
357 364
376 377
215 280
194 257
234 293
7 22
206 231
99 105
139 141
198 227
398 401
62 74
261 283
327 377
260 287
172 174
291 311
201 237
121 128
173 175
164 206
264 293
136 144
176 180
54 74
194 234
197 239
198 204
169 177
209 213
256 294
128 145
168 181
147 158
120 141
199 205
191 201
231 237
283 284
160 213
13 14
153 174
232 238
272 274
331 360
224 234
243 247
2 41
114 182
287 290
14 15
193 246
286 294
305 307
157 180
257 267
47 48
79 80
198 217
338 340
290 300
350 351
382 383
80 81
220 241
231 250
283 297
375 380
102 105
94 101
113 114
345 357
116 125
95 102
234 260
305 320
346 358
386 394
168 171
200 240
120 131
139 144
171 176
150 153
330 349
281 313
201 204
260 290
180 181
153 164
333 360
172 177
164 173
111 167
216 220
50 71
94 114
194 201
234 237
213 214
345 370
197 206
263 300
215 260
334 360
20 21
146 160
267 270
278 316
9 11
248 293
168 184
194 322
160 180
340 376
53 54
152 176
187 283
260 267
332 372
223 236
90 121
2 8
42 44
282 291
86 87
293 300
264 273
345 347
3 89
142 167
263 277
75 77
46 50
87 88
334 337
119 120
286 297
366 406
378 380
328 379
41 57
120 121
152 153
379 381
18 73
271 290
403 409
90 98
101 107
93 103
260 280
153 154
271 375
123 131
94 104
107 123
175 178
274 300
266 296
293 313
358 379
84 139
377 392
36 99
55 112
156 164
148 160
208 211
388 407
119 133
219 220
50 182
317 383
49 74
89 110
256 287
41 70
241 244
259 292
340 366
332 362
252 253
38 64
230 234
193 203
274 277
12 48
111 170
163 180
16 18
155 176
8 14
48 50
234 240
226 236
286 287
192 243
84 152
318 319
5 8
37 77
256 264
167 186
308 311
340 343
319 320
332 339
38 41
218 237
162 193
74 80
281 293
187 286
384 385
12 25
104 108
49 172
203 230
195 226
282 294
295 313
0 50
306 322
385 386
377 382
264 325
96 103
137 141
263 280
148 150
194 266
119 123
125 166
206 240
70 87
196 226
89 100
170 174
149 151
261 292
100 109
187 263
400 407
139 186
59 77
218 250
111 124
122 133
74 93
174 180
214 216
271 378
192 197
104 121
343 366
236 240
207 213
301 369
196 203
148 163
280 282
47 80
281 283
0 4
325 326
271 355
12 15
191 246
232 247
23 24
36 43
55 56
303 307
314 316
287 299
4 10
37 44
50 126
56 57
77 80
284 293
317 327
228 249
194 256
206 230
198 226
89 90
329 337
261 282
280 295
380 382
147 180
327 376
40 54
140 141
218 240
271 332
111 114
57 143
143 146
122 123
229 335
402 406
373 379
92 100
173 174
136 143
94 146
54 73
165 206
125 133
166 171
197 238
117 129
265 293
137 144
177 180
317 340
88 102
169 176
116 170
87 143
339 358
147 157
198 239
199 204
290 322
49 116
139 189
271 345
151 163
43 72
232 237
224 233
291 323
243 246
195 206
214 219
102 127
213 223
164 218
192 200
17 19
225 234
50 116
257 266
228 239
87 120
7 11
186 242
269 276
147 170
40 44
210 226
291 300
283 296
375 379
354 356
73 77
65 73
331 372
44 50
264 282
372 373
287 302
54 63
95 101
86 132
98 106
305 319
117 119
346 357
365 370
405 406
376 379
328 339
368 375
234 295
119 165
99 107
139 143
131 139
398 403
327 379
260 289
172 176
271 335
151 153
164 172
50 70
195 196
201 239
121 130
94 113
154 164
173 177
165 173
205 209
246 247
264 295
176 182
228 229
215 259
194 236
6 36
46 72
117 132
198 206
279 280
250 253
256 296
261 262
168 183
147 160
120 143
192 311
279 316
239 243
231 239
371 399
57 123
242 248
283 286
294 295
2 7
161 180
153 176
224 236
46 49
286 296
58 60
197 218
305 309
346 347
76 77
47 50
326 368
279 293
338 342
271 289
379 380
50 204
350 353
342 349
41 92
101 106
360 366
352 362
124 126
375 382
83 94
102 107
142 143
94 103
353 363
157 159
55 111
95 104
234 262
119 132
98 109
179 183
190 192
37 99
57 77
116 163
196 235
49 73
256 286
149 160
208 246
168 173
120 133
259 291
338 355
38 63
201 206
187 308
260 292
50 73
123 143
16 17
194 203
234 239
275 277
226 235
366 395
374 399
257 259
55 124
256 263
279 283
370 401
290 292
256 299
9 13
181 205
160 182
340 378
187 285
260 269
212 229
170 232
83 84
222 242
282 293
0 49
374 376
325 371
344 384
377 381
356 358
114 187
35 43
116 117
215 239
296 313
87 90
119 122
286 299
65 151
76 80
89 99
229 259
149 150
41 59
328 381
100 108
141 146
120 123
259 281
308 323
112 119
152 155
18 75
30 49
90 100
162 205
221 254
101 109
182 183
153 156
373 388
31 50
23 46
195 238
1 107
175 180
86 102
207 212
186 189
266 298
366 385
124 214
197 198
343 401
116 130
248 249
388 409
317 385
196 238
149 163
41 72
160 172
281 282
12 14
170 222
230 236
122 145
222 232
282 283
314 315
163 182
136 165
155 178
27 29
315 316
226 238
318 321
5 10
196 215
256 266
60 62
194 291
280 294
308 313
146 214
351 354
218 239
111 113
329 372
82 86
281 295
93 95
292 304
373 378
344 351
191 258
396 398
49 174
15 32
195 228
126 128
306 324
374 379
385 388
56 69
96 105
137 143
148 152
355 365
388 399
159 161
399 408
198 238
317 375
277 302
89 102
170 176
261 294
199 239
271 344
114 131
195 205
174 182
214 218
228 238
358 384
125 145
18 19
217 228
317 352
196 205
280 284
147 169
11 16
191 212
218 229
354 355
292 294
271 357
12 17
52 53
49 164
229 360
15 22
195 218
172 234
358 361
66 73
85 86
284 295
296 306
376 378
347 351
194 258
388 389
339 347
178 250
206 232
198 228
309 324
280 297
146 217
147 182
327 378
40 56
140 143
151 152
49 141
122 125
121 129
92 102
173 176
176 181
155 158
83 139
194 235
265 295
185 186
117 131
197 240
177 182
217 218
257 291
169 178
250 252
284 308
334 394
147 159
99 119
199 206
271 311
150 164
162 175
160 214
66 207
112 174
131 187
271 347
232 239
43 74
224 235
195 208
287 291
264 307
58 59
225 236
7 13
47 49
106 135
186 244
179 205
198 218
190 214
29 31
147 172
80 82
50 239
124 125
283 298
375 381
354 358
80 118
260 314
72 114
353 362
344 393
157 158
36 48
95 103
194 225
234 261
66 76
98 108
197 230
117 121
158 159
257 281
297 317
376 381
119 167
147 149
178 253
99 109
139 145
150 154
191 192
57 112
41 104
180 182
172 178
224 225
121 132
246 249
264 297
225 226
257 258
228 231
35 65
215 261
46 74
334 361
258 259
209 217
290 291
196 247
261 264
227 271
239 245
291 292
323 324
294 297
160 217
201 218
13 18
153 178
224 238
356 357
194 215
366 407
286 298
345 384
58 62
278 294
305 311
378 381
357 358
155 223
334 374
326 370
120 122
338 344
379 382
330 340
256 311
9 25
90 99
187 297
153 155
212 241
124 128
304 324
31 49
182 218
102 109
142 145
201 231
94 105
175 179
154 156
374 388
178 184
71 121
157 161
263 291
8 38
27 51
234 264
187 189
278 307
56 114
196 237
229 271
41 71
168 175
259 293
220 222
112 131
340 367
212 218
223 227
201 208
153 168
145 164
131 229
344 373
111 171
163 181
16 19
114 176
175 192
27 28
194 205
226 237
215 264
256 265
28 29
60 61
319 321
38 42
9 15
329 371
61 62
281 294
93 94
152 180
344 350
103 144
396 397
49 173
83 86
282 295
94 95
126 127
374 378
353 355
377 383
263 281
27 41
355 364
127 128
334 341
119 124
159 160
326 337
386 388
84 166
399 407
89 101
149 152
41 61
328 383
267 287
200 234
160 161
329 348
187 264
112 121
152 157
170 211
90 102
74 94
93 107
153 158
352 367
344 363
384 399
55 80
195 240
175 182
207 214
226 227
366 387
263 294
156 168
48 77
196 204
148 164
248 251
259 260
277 314
281 284
260 261
292 293
271 356
230 238
303 308
314 317
293 294
4 11
45 49
16 22
155 180
263 271
8 18
347 350
50 163
257 313
288 300
380 383
147 181
332 343
359 360
351 356
392 394
90 92
162 197
122 124
281 297
40 91
373 380
92 101
104 112
49 176
123 125
15 34
195 230
155 157
214 243
287 313
126 130
366 377
358 373
377 386
50 140
96 107
137 145
156 158
336 354
148 154
247 276
347 363
159 163
200 201
258 291
317 377
170 178
210 214
233 234
271 346
111 128
151 164
73 101
192 201
264 306
36 70
335 366
228 240
207 217
95 125
194 247
6 47
7 12
117 143
229 241
280 286
332 333
199 218
218 231
150 176
30 31
271 323
302 310
281 287
354 357
112 186
325 330
43 86
63 64
36 47
216 243
303 311
287 303
358 363
66 75
85 88
345 393
117 120
257 280
284 297
129 131
376 380
328 340
347 353
194 260
388 391
339 349
187 221
147 148
178 252
206 234
99 108
198 230
399 400
290 313
350 364
327 380
151 154
331 350
49 143
195 197
121 131
92 104
173 178
176 183
83 141
228 230
395 407
194 237
117 133
257 293
177 184
217 220
169 180
261 263
147 161
120 144
99 121
338 366
218 221
231 240
271 313
283 287
262 264
294 296
66 209
220 267
131 189
272 277
224 237
36 37
229 352
295 297
287 293
73 104
194 214
165 187
58 61
225 238
284 287
69 70
234 286
334 373
7 15
338 343
190 216
209 229
350 354
116 187
171 202
271 326
124 127
283 300
375 383
102 108
180 207
154 155
353 364
157 160
136 137
234 263
187 188
205 236
125 127
305 323
117 123
158 161
257 283
190 193
169 170
334 386
168 174
147 151
327 347
279 307
150 156
398 407
260 293
180 184
172 180
164 176
224 227
235 236
102 121
194 204
213 217
205 213
246 251
257 260
249 256
268 269
215 263
370 402
290 293
9 14
220 234
32 34
320 321
223 239
283 290
90 124
50 51
2 11
65 67
325 372
344 385
353 354
23 70
75 80
27 40
194 217
286 300
326 336
378 383
50 172
39 50
120 124
259 282
131 133
18 76
271 293
390 393
256 313
90 101
93 106
187 299
153 157
352 366
57 189
50 64
94 107
175 181
154 158
385 399
157 163
197 199
116 131
370 392
196 239
256 290
41 73
329 360
160 173
112 133
231 233
223 229
170 223
230 237
262 306
201 210
282 284
193 206
373 402
264 266
163 183
234 243
207 226
315 317
226 239
366 399
286 290
297 299
5 11
41 50
167 189
351 355
330 332
38 44
258 313
281 296
93 96
381 383
271 368
384 388
71 77
396 399
49 175
122 159
123 124
182 210
115 120
282 297
86 93
126 129
377 385
63 109
116 121
156 157
27 43
67 79
148 153
119 126
138 139
399 409
50 175
317 376
89 103
256 280
149 154
100 112
160 163
152 159
171 172
204 206
38 57
170 213
90 104
262 296
222 223
93 109
174 183
131 221
44 73
203 246
163 173
173 223
196 206
256 257
148 166
288 289
194 282
339 371
7 47
259 262
218 230
281 286
292 295
325 329
271 358
52 54
230 240
229 361
222 236
114 145
282 287
358 362
192 213
85 87
284 296
155 182
355 356
307 316
194 259
339 348
65 145
258 280
328 375
41 53
100 102
280 298
340 349
359 362
351 358
199 230
291 313
116 232
49 142
122 126
262 286
281 299
92 103
84 99
49 178
155 159
358 375
265 296
50 142
96 109
177 183
169 179
148 156
388 403
200 203
258 293
170 180
261 298
262 263
187 269
233 236
40 70
199 243
131 188
114 135
295 296
287 292
121 143
65 99
372 399
225 237
284 286
296 297
7 14
26 27
117 145
69 105
209 228
116 186
328 365
329 330
361 362
147 173
99 133
59 60
191 216
283 299
49 132
74 76
180 206
73 80
92 93
36 49
42 92
306 318
85 90
125 126
197 231
77 86
117 122
96 99
158 160
257 282
129 133
284 299
376 382
194 262
234 298
334 385
147 150
178 254
99 110
70 83
191 193
209 241
398 406
327 382
180 183
171 214
271 338
151 156
224 226
195 199
121 133
92 106
173 180
192 193
213 216
264 298
225 227
83 143
228 232
246 286
178 231
98 122
206 213
117 135
386 409
258 260
169 182
209 218
261 265
334 398
147 163
32 33
24 29
291 293
49 122
294 298
101 132
220 269
33 34
65 66
224 239
36 39
295 299
287 295
154 180
66 67
165 189
264 311
345 385
197 221
346 350
69 72
276 285
187 213
99 100
279 296
10 22
131 132
338 345
379 383
350 356
40 50
80 86
212 242
132 133
204 238
124 129
291 306
50 63
375 385
102 110
121 123
153 192
154 157
105 115
50 99
234 265
205 238
346 363
386 399
117 125
158 163
198 199
208 249
168 176
334 388
147 153
259 294
112 132
338 358
271 305
231 232
260 295
180 186
172 182
224 229
264 265
235 238
194 206
86 115
265 266
257 262
297 298
208 226
298 299
290 295
330 331
340 381
32 36
352 355
331 332
31 40
109 139
282 296
174 205
13 22
94 96
153 182
193 218
353 356
344 387
23 72
104 146
116 120
127 129
119 125
98 102
346 353
378 385
196 228
28 43
68 79
149 153
120 126
160 162
259 284
152 158
338 348
204 205
90 103
161 163
93 108
153 159
344 364
50 66
49 187
174 218
94 109
175 183
194 196
226 228
285 314
197 201
263 295
156 169
148 165
334 355
227 229
65 167
259 261
165 254
50 187
317 388
329 362
168 179
340 371
260 262
204 218
38 69
304 305
111 139
230 239
2 3
34 35
201 212
282 286
293 295
286 292
318 324
84 157
5 13
50 164
196 218
89 92
100 101
340 348
359 361
351 357
371 372
38 46
403 404
90 93
162 198
101 102
281 298
93 98
147 218
341 349
360 362
352 358
271 370
344 354
384 390
31 43
404 405
49 177
123 126
15 35
195 231
126 131
266 291
50 141
96 108
116 123
156 159
108 119
148 155
207 241
347 364
355 368
119 128
388 402
258 292
317 378
196 231
89 105
152 161
233 235
204 208
111 129
244 249
115 135
8 9
226 231
366 391
166 186
156 172
256 259
41 42
248 255
267 268
280 287
259 264
332 334
99 132
198 254
11 19
74 75
292 297
112 187
191 251
57 171
49 167
107 108
274 285
121 155
266 281
287 304
358 364
4 15
45 53
264 320
284 298
96 98
108 109
355 358
347 354
194 261
388 392
10 31
217 244
89 95
269 291
328 377
41 55
261 287
100 104
141 142
280 300
187 258
327 381
392 398
199 232
271 337
111 119
151 155
210 241
162 201
122 128
195 198
174 175
227 330
72 127
384 393
92 105
36 61
163 165
55 74
155 161
42 104
107 121
207 208
85 102
276 307
196 198
169 181
317 345
336 358
347 367
258 295
261 300
262 265
273 274
66 210
32 68
271 350
150 203
43 77
251 255
36 38
243 251
295 298
287 294
306 307
272 314
4 5
37 39
69 71
296 299
234 287
339 340
26 29
166 189
206 225
70 72
277 285
350 355
329 332
280 290
39 84
332 337
59 62
131 167
11 22
231 254
271 327
103 105
229 330
383 388
373 374
121 122
92 95
264 287
295 311
95 106
194 228
406 407
205 237
125 128
58 75
117 124
215 287
194 264
147 152
206 238
198 234
271 304
170 172
112 167
172 181
271 340
151 158
224 228
195 201
235 237
102 122
173 182
205 214
264 300
225 229
50 111
257 261
236 238
228 234
268 270
46 77
257 297
10 11
258 262
290 294
32 35
271 317
24 31
231 244
43 44
291 295
283 291
294 300
180 198
344 386
36 41
316 324
335 337
114 189
287 297
95 96
194 218
46 54
25 31
368 370
234 290
128 129
39 51
327 338
99 102
131 134
298 311
110 111
350 358
220 248
283 304
229 333
50 65
162 243
83 99
102 112
121 125
94 108
154 159
194 195
353 368
344 399
264 290
157 164
197 200
176 177
175 218
227 228
346 365
197 236
198 201
50 186
209 210
116 168
196 240
256 291
208 251
168 178
160 174
259 296
231 234
260 297
172 184
164 180
123 148
94 121
193 243
86 117
226 240
286 291
345 377
257 264
297 300
263 307
327 328
271 284
370 406
290 297
330 333
41 87
160 187
133 170
66 180
341 348
360 361
344 353
170 237
375 377
2 15
282 298
86 94
353 358
131 245
111 187
356 363
75 84
234 257
119 127
98 104
138 140
297 313
37 94
370 383
196 230
256 281
149 155
208 241
128 132
120 128
160 164
259 286
112 124
152 160
189 227
153 161
352 370
325 353
164 170
216 217
162 246
94 111
274 307
194 198
226 230
197 203
37 71
50 153
263 297
215 257
256 258
119 140
259 263
238 240
50 189
70 104
160 177
260 264
292 296
304 307
170 227
57 170
201 214
293 297
275 285
355 357
307 317
326 330
84 159
328 376
259 276
112 114
403 406
90 95
130 131
122 127
262 287
101 104
281 300
93 100
352 360
271 372
344 356
211 241
123 128
55 73
163 164
34 50
155 160
303 324
121 167
266 293
374 384
178 180
50 143
156 161
196 197
108 121
148 157
258 294
317 380
89 107
149 158
261 299
348 367
187 270
152 163
233 237
111 131
43 76
170 217
230 231
222 227
227 342
92 117
37 38
163 177
244 251
115 137
236 247
8 11
263 264
296 298
6 50
26 28
84 149
70 71
256 261
148 170
229 244
41 44
329 331
194 286
259 266
147 174
39 83
59 61
103 104
162 190
74 77
281 290
292 299
333 337
325 333
132 167
12 22
92 94
344 346
104 105
36 50
203 227
243 263
343 350
107 110
92 130
377 379
265 287
284 300
96 100
296 311
376 383
355 360
347 356
194 263
339 352
399 403
206 237
18 37
258 284
317 370
70 84
209 242
170 171
269 293
340 353
147 187
327 383
332 349
271 339
111 121
151 157
283 313
122 130
203 204
262 290
114 126
1 69
174 177
195 200
92 107
173 181
225 228
195 236
155 163
236 237
228 233
207 210
194 240
258 261
196 200
237 238
269 270
116 177
261 266
194 276
234 312
334 399
147 164
279 320
3 7
291 294
116 213
0 1
180 197
33 35
224 240
36 40
303 304
295 300
287 296
306 309
37 41
244 254
284 290
69 73
336 337
339 342
187 214
99 101
350 357
280 292
401 402
147 177
40 51
80 87
59 64
150 182
402 403
121 124
121 160
95 108
194 230
87 104
205 239
125 130
286 313
197 235
117 126
198 200
346 364
69 86
169 173
116 167
147 154
198 236
199 201
271 306
150 159
260 296
172 183
151 160
124 143
232 234
331 356
195 203
235 239
83 111
86 116
173 184
