20 64
22 37
9 30
29 62
28 52
32 43
23 29
22 40
50 66
5 18
6 69
30 53
21 44
25 63
12 54
4 39
39 73
6 34
19 25
15 17
35 71
26 43
3 22
12 68
3 67
25 53
1 4
64 68
57 65
0 71
10 13
1 46
21 32
6 45
16 49
44 68
1 51
10 18
32 39
20 36
16 55
28 44
59 74
11 12
18 46
14 46
23 26
14 48
0 11
18 48
58 61
14 51
0 14
49 55
26 39
18 57
45 59
16 34
19 21
14 29
59 68
0 69
8 46
28 32
20 58
10 64
50 61
15 19
16 62
2 28
14 20
25 55
36 38
5 36
53 70
8 29
0 62
65 66
15 72
18 73
1 66
5 9
22 36
4 71
6 25
9 59
11 53
23 24
20 74
3 41
12 46
17 50
0 13
18 50
12 48
14 50
6 30
21 43
18 66
12 51
14 66
5 58
29 44
8 73
20 54
5 32
10 36
19 70
12 29
23 37
7 23
2 23
36 72
4 14
2 25
22 58
20 68
8 50
23 40
9 43
1 3
3 28
8 26
4 22
24 30
36 39
29 32
52 65
1 47
9 20
35 41
15 35
6 44
28 43
6 21
0 64
11 49
46 54
10 32
6 27
5 54
11 55
61 64
14 47
16 30
12 50
4 37
46 68
7 16
2 16
11 69
14 24
14 67
5 68
12 26
24 44
22 54
9 39
15 53
27 67
2 21
11 34
25 52
22 68
3 25
20 70
41 68
21 29
33 55
44 66
4 18
31 53
8 24
8 67
10 54
24 32
0 6
55 68
27 73
10 68
16 27
66 72
0 9
20 46
27 50
6 59
35 58
20 48
26 37
34 59
2 15
16 32
6 60
28 29
26 40
3 16
12 24
12 67
23 36
6 38
64 67
34 38
0 32
13 46
3 21
21 26
1 41
19 35
13 48
15 69
33 56
31 55
15 34
24 60
18 41
19 63
6 19
5 46
25 32
2 38
9 26
6 20
51 69
44 61
36 55
5 51
1 28
11 52
18 45
67 68
9 71
61 74
16 59
19 53
38 50
4 36
16 60
22 46
0 54
20 50
6 72
36 69
22 48
38 66
27 53
3 15
24 43
22 51
17 28
18 28
14 28
29 46
20 66
28 71
0 68
4 9
21 22
6 39
22 29
25 65
59 61
10 46
9 14
10 48
16 43
4 58
8 28
46 73
31 56
32 36
23 54
25 59
69 74
9 22
4 32
0 2
25 60
12 41
16 20
10 29
0 5
0 43
23 68
5 50
31 33
1 25
46 66
36 56
22 73
21 42
5 26
26 36
11 27
2 12
19 55
67 70
18 23
14 23
38 67
22 50
18 25
14 25
20 67
25 43
22 66
12 28
10 73
16 39
4 54
38 61
28 37
8 23
7 35
20 61
10 50
8 25
24 29
1 16
4 68
9 18
10 66
10 26
0 1
35 48
0 4
1 21
14 16
0 46
0 48
5 24
16 29
5 67
2 10
68 72
14 21
18 21
17 21
15 44
4 5
6 71
11 59
3 12
12 23
27 28
32 68
12 25
0 29
46 61
9 64
8 16
22 24
26 54
8 21
23 46
24 26
5 40
23 48
6 11
35 73
1 15
15 32
23 51
6 14
26 68
22 61
43 68
25 29
34 55
36 44
10 24
10 67
21 36
11 19
14 15
16 26
34 69
35 66
14 17
12 16
19 52
16 71
3 10
0 66
9 36
0 26
14 70
3 53
11 72
61 66
19 30
33 43
4 46
10 42
8 15
4 48
20 28
8 17
4 51
28 36
15 59
51 65
23 50
14 38
25 26
4 29
69 73
57 68
9 58
6 56
62 63
16 22
50 67
2 7
22 41
16 24
32 46
35 53
32 48
60 68
14 57
12 15
32 51
45 68
12 17
14 19
18 19
5 28
0 22
23 35
68 71
17 19
4 73
0 24
19 27
7 56
20 23
3 55
53 65
26 46
35 61
20 25
12 70
26 48
8 57
31 43
4 50
33 46
26 51
19 32
22 28
14 72
18 72
4 66
6 64
4 26
26 29
28 74
6 52
13 23
3 34
34 52
13 25
12 38
23 67
0 42
16 18
10 28
9 68
29 36
28 54
51 72
37 51
32 50
24 64
5 23
0 18
3 45
28 68
5 25
20 21
11 71
8 12
22 23
18 35
29 58
20 27
26 50
22 25
2 30
14 35
16 64
31 46
15 29
4 24
34 44
4 67
1 10
6 9
13 21
1 53
30 64
10 23
0 41
11 14
10 25
35 45
36 46
52 68
5 16
19 43
24 36
18 53
14 53
5 21
21 46
6 32
2 44
19 20
47 73
21 48
3 52
8 10
16 36
23 41
19 72
26 47
9 46
13 15
15 26
29 68
24 58
57 66
13 17
20 59
10 16
2 32
9 51
0 36
23 45
30 36
15 71
1 55
10 21
28 46
6 54
9 29
20 38
28 48
23 28
28 51
18 49
43 61
5 17
11 18
6 68
28 57
25 36
18 55
3 6
34 60
12 53
33 37
24 74
3 44
4 41
26 42
0 58
5 70
33 40
0 23
14 69
17 69
36 71
33 42
9 73
24 54
15 22
14 34
44 67
17 34
15 24
6 43
10 15
9 50
25 58
57 67
5 38
10 17
28 73
8 69
9 66
4 28
17 62
21 35
16 54
8 34
14 45
10 70
28 50
23 25
57 61
46 57
5 57
16 68
28 66
15 40
32 45
7 43
0 16
28 64
12 55
26 41
21 47
31 37
60 61
25 74
7 20
22 57
30 68
33 41
45 61
15 18
12 69
29 57
25 54
19 71
68 74
36 37
11 36
12 34
20 35
58 65
4 23
36 40
6 46
25 68
4 25
26 28
34 46
6 48
9 24
1 52
6 51
7 39
5 12
2 39
50 65
12 45
23 27
6 29
28 67
17 52
0 15
18 52
9 61
0 17
3 43
20 53
11 32
24 46
19 22
29 50
3 19
24 48
14 30
18 30
29 66
24 51
35 59
35 60
0 70
4 16
8 52
24 57
27 34
1 6
10 12
36 64
4 21
16 46
28 42
22 35
1 44
3 72
16 48
36 41
8 30
16 51
29 35
5 10
16 57
6 66
15 36
6 26
21 41
14 44
3 39
22 63
30 46
46 67
0 51
30 51
20 49
24 73
23 59
1 32
12 52
0 57
11 68
21 45
14 27
17 27
20 55
30 57
22 53
67 72
63 68
38 69
24 50
23 38
25 48
12 30
4 15
17 32
21 28
2 26
18 32
4 17
25 51
14 32
33 54
16 73
24 66
8 27
20 34
28 41
10 53
61 72
16 50
0 73
5 8
30 73
16 66
9 28
6 22
24 35
5 49
5 11
0 50
12 44
0 12
36 58
30 50
30 66
4 38
46 69
25 73
22 55
15 16
41 55
7 22
2 22
5 34
21 23
21 25
6 40
39 46
25 50
4 57
15 68
0 35
25 66
10 49
1 43
31 54
10 11
36 74
19 36
22 34
10 55
5 7
16 47
8 59
32 38
6 18
0 3
11 46
9 25
7 37
51 68
11 48
10 69
36 54
14 43
18 43
0 47
65 72
0 10
5 56
10 34
1 72
18 20
0 53
11 29
3 11
36 68
26 38
22 45
20 52
3 14
19 58
0 67
30 67
2 18
7 18
22 56
4 12
12 59
33 48
20 30
16 42
21 27
33 51
6 41
10 45
44 65
53 68
8 20
9 16
25 67
39 66
23 53
18 39
14 39
25 61
11 50
35 55
0 8
12 43
11 66
6 28
67 69
0 49
24 41
19 54
12 19
4 63
15 46
0 55
12 20
36 70
15 51
19 68
6 36
24 45
22 52
34 36
17 29
18 29
4 10
16 41
4 53
33 50
12 72
31 48
22 30
0 34
9 15
31 51
24 28
16 45
13 27
66 68
23 55
5 6
2 36
7 36
36 48
6 58
0 7
36 51
10 30
6 23
1 26
16 28
11 22
36 57
15 73
65 71
7 9
2 9
32 53
38 65
23 34
22 44
25 41
63 67
0 28
17 26
14 26
18 26
15 50
9 38
15 66
4 49
25 45
22 27
18 71
14 71
26 53
34 74
4 55
20 60
31 50
24 25
33 53
28 38
9 57
1 14
22 32
25 28
51 66
9 19
6 16
10 27
36 50
1 22
3 36
4 34
16 23
46 65
34 68
16 25
36 66
32 49
19 51
9 72
32 55
18 22
14 22
7 54
0 25
2 54
15 47
18 24
22 65
8 14
28 72
26 49
0 30
27 29
26 55
9 12
32 34
22 59
4 56
3 32
8 22
22 60
14 37
23 52
6 15
29 60
51 67
19 73
4 33
16 21
26 34
2 5
29 38
5 19
17 20
36 53
10 60
0 44
9 35
36 67
12 14
5 20
51 61
14 18
22 43
11 28
0 21
19 66
19 26
21 53
0 27
3 54
5 72
26 45
33 45
20 29
3 68
9 10
26 56
9 53
5 39
10 19
34 51
10 20
29 72
16 17
4 30
53 61
24 59
6 57
57 69
34 57
28 53
2 4
10 72
12 13
3 5
60 69
7 46
23 32
32 52
8 64
50 68
19 24
7 51
12 18
2 51
19 67
21 55
4 6
31 41
61 65
1 36
62 68
4 44
2 29
0 59
19 31
30 59
15 28
26 52
31 45
20 71
14 36
21 34
6 50
18 36
39 68
6 12
34 50
35 43
24 72
28 49
16 19
11 16
28 55
32 44
3 4
8 36
23 60
11 21
25 38
0 19
3 46
28 69
7 50
2 50
0 20
16 72
3 51
20 22
28 34
26 44
20 24
6 63
13 14
15 25
22 26
0 72
30 72
23 43
26 27
22 71
6 10
34 47
13 22
12 36
19 41
6 53
0 39
20 37
29 71
4 60
4 59
6 67
5 14
26 32
11 15
14 74
34 67
11 17
20 40
1 68
28 56
18 54
5 22
16 35
21 52
18 68
14 68
19 28
17 68
12 58
29 55
2 24
4 43
24 53
23 39
68 73
69 72
15 21
3 26
12 32
1 5
4 19
29 69
15 27
43 65
10 14
4 20
5 37
6 8
9 52
8 68
27 36
6 49
29 34
16 53
10 22
6 55
4 72
5 13
